[[-0.05533483  0.0058517   0.03354286  0.0365783   0.08183979  0.06770757
   0.01874336 -0.00095572  0.00570468 -0.0004602  -0.00148029  0.01069498
   0.06592437 -0.00272193 -0.03100573 -0.0176108  -0.00647239 -0.00686676
  -0.03442464 -0.01790255  0.0147232  -0.04379344 -0.0533338  -0.02755863
  -0.02569597 -0.03022369 -0.05716248 -0.03713422 -0.01853302 -0.06326852
  -0.06628552 -0.04589324 -0.04008598 -0.05270743 -0.10078926 -0.09094092
  -0.03273617 -0.1164039  -0.10318495 -0.08151593 -0.08349385 -0.09790944
  -0.13820483 -0.11693704 -0.02247881 -0.08322611 -0.0975241  -0.09082906
  -0.09651836 -0.16816265 -0.14017364 -0.08249155  0.02180513 -0.03640577
  -0.07441275 -0.09427219 -0.0995711  -0.19643781 -0.09169408 -0.07988516
   0.06848421 -0.03736101 -0.09765429 -0.06129725 -0.09369565 -0.21240046
  -0.06511029 -0.05399294  0.08621538 -0.0032295  -0.08912718 -0.04922799
  -0.09286706 -0.20524523 -0.07552075 -0.04912205  0.06895875  0.02900368
  -0.0535066  -0.07601146 -0.11664087 -0.1899456  -0.09472194 -0.05788062
   0.04931398  0.04603037 -0.06305563 -0.11672066 -0.1303468  -0.13628981
  -0.08607869 -0.06935707  0.02914036  0.03391521 -0.07728312 -0.08641675
  -0.09872625 -0.06992479 -0.05225548 -0.04173943  0.04423436  0.05747666
  -0.03422665 -0.04335879 -0.05186219 -0.03735016 -0.02811611 -0.0164933
   0.03988054  0.05582794 -0.02299457 -0.0202344  -0.03134485 -0.00984003
  -0.01687428 -0.0065525   0.02825102  0.08000601 -0.00272732 -0.01166748
  -0.02090478 -0.00615433 -0.01009048  0.00208376  0.02409774  0.08042347
   0.03258571  0.02143954 -0.00586358]
 [-0.05533483  0.0058517   0.03354286  0.0365783   0.08183979  0.06770757
   0.01874336 -0.00095572  0.00570468 -0.0004602  -0.00148029  0.01069498
   0.06592437 -0.00272193 -0.03100573 -0.0176108  -0.00647239 -0.00686676
  -0.03442464 -0.01790255  0.0147232  -0.04379344 -0.0533338  -0.02755863
  -0.02569597 -0.03022369 -0.05716248 -0.03713422 -0.01853302 -0.06326852
  -0.06628552 -0.04589324 -0.04008598 -0.05270743 -0.10078926 -0.09094092
  -0.03273617 -0.1164039  -0.10318495 -0.08151593 -0.08349385 -0.09790944
  -0.13820483 -0.11693704 -0.02247881 -0.08322611 -0.0975241  -0.09082906
  -0.09651836 -0.16816265 -0.14017364 -0.08249155  0.02180513 -0.03640577
  -0.07441275 -0.09427219 -0.0995711  -0.19643781 -0.09169408 -0.07988516
   0.06848421 -0.03736101 -0.09765429 -0.06129725 -0.09369565 -0.21240046
  -0.06511029 -0.05399294  0.08621538 -0.0032295  -0.08912718 -0.04922799
  -0.09286706 -0.20524523 -0.07552075 -0.04912205  0.06895875  0.02900368
  -0.0535066  -0.07601146 -0.11664087 -0.1899456  -0.09472194 -0.05788062
   0.04931398  0.04603037 -0.06305563 -0.11672066 -0.1303468  -0.13628981
  -0.08607869 -0.06935707  0.02914036  0.03391521 -0.07728312 -0.08641675
  -0.09872625 -0.06992479 -0.05225548 -0.04173943  0.04423436  0.05747666
  -0.03422665 -0.04335879 -0.05186219 -0.03735016 -0.02811611 -0.0164933
   0.03988054  0.05582794 -0.02299457 -0.0202344  -0.03134485 -0.00984003
  -0.01687428 -0.0065525   0.02825102  0.08000601 -0.00272732 -0.01166748
  -0.02090478 -0.00615433 -0.01009048  0.00208376  0.02409774  0.08042347
   0.03258571  0.02143954 -0.00586358]
 [-0.05533483  0.0058517   0.03354286  0.0365783   0.08183979  0.06770757
   0.01874336 -0.00095572  0.00570468 -0.0004602  -0.00148029  0.01069498
   0.06592437 -0.00272193 -0.03100573 -0.0176108  -0.00647239 -0.00686676
  -0.03442464 -0.01790255  0.0147232  -0.04379344 -0.0533338  -0.02755863
  -0.02569597 -0.03022369 -0.05716248 -0.03713422 -0.01853302 -0.06326852
  -0.06628552 -0.04589324 -0.04008598 -0.05270743 -0.10078926 -0.09094092
  -0.03273617 -0.1164039  -0.10318495 -0.08151593 -0.08349385 -0.09790944
  -0.13820483 -0.11693704 -0.02247881 -0.08322611 -0.0975241  -0.09082906
  -0.09651836 -0.16816265 -0.14017364 -0.08249155  0.02180513 -0.03640577
  -0.07441275 -0.09427219 -0.0995711  -0.19643781 -0.09169408 -0.07988516
   0.06848421 -0.03736101 -0.09765429 -0.06129725 -0.09369565 -0.21240046
  -0.06511029 -0.05399294  0.08621538 -0.0032295  -0.08912718 -0.04922799
  -0.09286706 -0.20524523 -0.07552075 -0.04912205  0.06895875  0.02900368
  -0.0535066  -0.07601146 -0.11664087 -0.1899456  -0.09472194 -0.05788062
   0.04931398  0.04603037 -0.06305563 -0.11672066 -0.1303468  -0.13628981
  -0.08607869 -0.06935707  0.02914036  0.03391521 -0.07728312 -0.08641675
  -0.09872625 -0.06992479 -0.05225548 -0.04173943  0.04423436  0.05747666
  -0.03422665 -0.04335879 -0.05186219 -0.03735016 -0.02811611 -0.0164933
   0.03988054  0.05582794 -0.02299457 -0.0202344  -0.03134485 -0.00984003
  -0.01687428 -0.0065525   0.02825102  0.08000601 -0.00272732 -0.01166748
  -0.02090478 -0.00615433 -0.01009048  0.00208376  0.02409774  0.08042347
   0.03258571  0.02143954 -0.00586358]
 [-0.05533483  0.0058517   0.03354286  0.0365783   0.08183979  0.06770757
   0.01874336 -0.00095572  0.00570468 -0.0004602  -0.00148029  0.01069498
   0.06592437 -0.00272193 -0.03100573 -0.0176108  -0.00647239 -0.00686676
  -0.03442464 -0.01790255  0.0147232  -0.04379344 -0.0533338  -0.02755863
  -0.02569597 -0.03022369 -0.05716248 -0.03713422 -0.01853302 -0.06326852
  -0.06628552 -0.04589324 -0.04008598 -0.05270743 -0.10078926 -0.09094092
  -0.03273617 -0.1164039  -0.10318495 -0.08151593 -0.08349385 -0.09790944
  -0.13820483 -0.11693704 -0.02247881 -0.08322611 -0.0975241  -0.09082906
  -0.09651836 -0.16816265 -0.14017364 -0.08249155  0.02180513 -0.03640577
  -0.07441275 -0.09427219 -0.0995711  -0.19643781 -0.09169408 -0.07988516
   0.06848421 -0.03736101 -0.09765429 -0.06129725 -0.09369565 -0.21240046
  -0.06511029 -0.05399294  0.08621538 -0.0032295  -0.08912718 -0.04922799
  -0.09286706 -0.20524523 -0.07552075 -0.04912205  0.06895875  0.02900368
  -0.0535066  -0.07601146 -0.11664087 -0.1899456  -0.09472194 -0.05788062
   0.04931398  0.04603037 -0.06305563 -0.11672066 -0.1303468  -0.13628981
  -0.08607869 -0.06935707  0.02914036  0.03391521 -0.07728312 -0.08641675
  -0.09872625 -0.06992479 -0.05225548 -0.04173943  0.04423436  0.05747666
  -0.03422665 -0.04335879 -0.05186219 -0.03735016 -0.02811611 -0.0164933
   0.03988054  0.05582794 -0.02299457 -0.0202344  -0.03134485 -0.00984003
  -0.01687428 -0.0065525   0.02825102  0.08000601 -0.00272732 -0.01166748
  -0.02090478 -0.00615433 -0.01009048  0.00208376  0.02409774  0.08042347
   0.03258571  0.02143954 -0.00586358]]


[[ 0.41475846 -0.2162653  -0.2162653  -0.2162653  -0.2162653 ]
 [ 0.17576481 -0.21117629 -0.21117629 -0.21117629 -0.21117629]
 [ 0.08134349 -0.02134515 -0.02134515 -0.02134515 -0.02134515]
 [-0.42751731  0.42384101  0.42384101  0.42384101  0.42384101]
 [-0.06880926  0.47935732  0.47935732  0.47935732  0.47935732]
 [-0.26445785 -0.17547735 -0.17547735 -0.17547735 -0.17547735]
 [ 0.54475885 -0.2141296  -0.2141296  -0.2141296  -0.2141296 ]
 [ 0.01438092 -0.06972169 -0.06972169 -0.06972169 -0.06972169]
 [-0.04652144  0.15108908  0.15108908  0.15108908  0.15108908]
 [-0.42370067 -0.14617204 -0.14617204 -0.14617204 -0.14617204]]


[[ 0.21931557  0.02892958  0.07584894  0.05799906  0.15950133  0.15154644
   0.12426953  0.03934034  0.02581482  0.05744583  0.03225603  0.03823445
   0.12760151  0.04864014  0.0251078  -0.0169487  -0.00006052  0.03652074
  -0.05037128 -0.03764312  0.00156945 -0.01639555 -0.03493665 -0.02282696
  -0.06321798 -0.03979123 -0.11012588 -0.05660088 -0.03159282 -0.02082205
  -0.05596097 -0.03691818 -0.08030693 -0.08356726 -0.14618276 -0.10062763
  -0.0738114  -0.11886403 -0.15474878 -0.13261444 -0.16941329 -0.22432837
  -0.24282591 -0.16532759 -0.03389919 -0.02226653 -0.12616551 -0.15356107
  -0.21027694 -0.36719256 -0.24413504 -0.12325467  0.12837201  0.03743278
  -0.12354493 -0.1559684  -0.20135847 -0.41837894 -0.18448205 -0.16514466
   0.21276944  0.06551096 -0.16716636 -0.09675421 -0.15963173 -0.44629476
  -0.14692295 -0.08039889  0.22391536  0.10935312 -0.14213464 -0.12429235
  -0.18421048 -0.41290344 -0.17052094 -0.04479325  0.18975644  0.14167397
  -0.11207097 -0.18914933 -0.23389357 -0.39549453 -0.18998907 -0.05238093
   0.16552191  0.1701051  -0.06743601 -0.20354984 -0.24318295 -0.26293039
  -0.14532623 -0.07410824  0.13968276  0.0760044  -0.09439282 -0.1414168
  -0.17842851 -0.11564471 -0.10045681 -0.04680703  0.21253982  0.1661034
   0.00087402 -0.00697699 -0.07080982 -0.02590475 -0.0026375   0.0050113
   0.16698526  0.13553522 -0.02746652  0.05986189 -0.00653666  0.00849925
   0.01104052  0.03042281  0.10612361  0.21440907  0.07281006  0.08691392
  -0.00832727 -0.01112511 -0.0050608   0.01314963  0.00457841  0.19080581
   0.07177207  0.12390649  0.04290924]
 [ 0.21931557  0.02892958  0.07584894  0.05799906  0.15950133  0.15154644
   0.12426953  0.03934034  0.02581482  0.05744583  0.03225603  0.03823445
   0.12760151  0.04864014  0.0251078  -0.0169487  -0.00006052  0.03652074
  -0.05037128 -0.03764312  0.00156945 -0.01639555 -0.03493665 -0.02282696
  -0.06321798 -0.03979123 -0.11012588 -0.05660088 -0.03159282 -0.02082205
  -0.05596097 -0.03691818 -0.08030693 -0.08356726 -0.14618276 -0.10062763
  -0.0738114  -0.11886403 -0.15474878 -0.13261444 -0.16941329 -0.22432837
  -0.24282591 -0.16532759 -0.03389919 -0.02226653 -0.12616551 -0.15356107
  -0.21027694 -0.36719256 -0.24413504 -0.12325467  0.12837201  0.03743278
  -0.12354493 -0.1559684  -0.20135847 -0.41837894 -0.18448205 -0.16514466
   0.21276944  0.06551096 -0.16716636 -0.09675421 -0.15963173 -0.44629476
  -0.14692295 -0.08039889  0.22391536  0.10935312 -0.14213464 -0.12429235
  -0.18421048 -0.41290344 -0.17052094 -0.04479325  0.18975644  0.14167397
  -0.11207097 -0.18914933 -0.23389357 -0.39549453 -0.18998907 -0.05238093
   0.16552191  0.1701051  -0.06743601 -0.20354984 -0.24318295 -0.26293039
  -0.14532623 -0.07410824  0.13968276  0.0760044  -0.09439282 -0.1414168
  -0.17842851 -0.11564471 -0.10045681 -0.04680703  0.21253982  0.1661034
   0.00087402 -0.00697699 -0.07080982 -0.02590475 -0.0026375   0.0050113
   0.16698526  0.13553522 -0.02746652  0.05986189 -0.00653666  0.00849925
   0.01104052  0.03042281  0.10612361  0.21440907  0.07281006  0.08691392
  -0.00832727 -0.01112511 -0.0050608   0.01314963  0.00457841  0.19080581
   0.07177207  0.12390649  0.04290924]
 [ 0.21931557  0.02892958  0.07584894  0.05799906  0.15950133  0.15154644
   0.12426953  0.03934034  0.02581482  0.05744583  0.03225603  0.03823445
   0.12760151  0.04864014  0.0251078  -0.0169487  -0.00006052  0.03652074
  -0.05037128 -0.03764312  0.00156945 -0.01639555 -0.03493665 -0.02282696
  -0.06321798 -0.03979123 -0.11012588 -0.05660088 -0.03159282 -0.02082205
  -0.05596097 -0.03691818 -0.08030693 -0.08356726 -0.14618276 -0.10062763
  -0.0738114  -0.11886403 -0.15474878 -0.13261444 -0.16941329 -0.22432837
  -0.24282591 -0.16532759 -0.03389919 -0.02226653 -0.12616551 -0.15356107
  -0.21027694 -0.36719256 -0.24413504 -0.12325467  0.12837201  0.03743278
  -0.12354493 -0.1559684  -0.20135847 -0.41837894 -0.18448205 -0.16514466
   0.21276944  0.06551096 -0.16716636 -0.09675421 -0.15963173 -0.44629476
  -0.14692295 -0.08039889  0.22391536  0.10935312 -0.14213464 -0.12429235
  -0.18421048 -0.41290344 -0.17052094 -0.04479325  0.18975644  0.14167397
  -0.11207097 -0.18914933 -0.23389357 -0.39549453 -0.18998907 -0.05238093
   0.16552191  0.1701051  -0.06743601 -0.20354984 -0.24318295 -0.26293039
  -0.14532623 -0.07410824  0.13968276  0.0760044  -0.09439282 -0.1414168
  -0.17842851 -0.11564471 -0.10045681 -0.04680703  0.21253982  0.1661034
   0.00087402 -0.00697699 -0.07080982 -0.02590475 -0.0026375   0.0050113
   0.16698526  0.13553522 -0.02746652  0.05986189 -0.00653666  0.00849925
   0.01104052  0.03042281  0.10612361  0.21440907  0.07281006  0.08691392
  -0.00832727 -0.01112511 -0.0050608   0.01314963  0.00457841  0.19080581
   0.07177207  0.12390649  0.04290924]
 [ 0.21931557  0.02892958  0.07584894  0.05799906  0.15950133  0.15154644
   0.12426953  0.03934034  0.02581482  0.05744583  0.03225603  0.03823445
   0.12760151  0.04864014  0.0251078  -0.0169487  -0.00006052  0.03652074
  -0.05037128 -0.03764312  0.00156945 -0.01639555 -0.03493665 -0.02282696
  -0.06321798 -0.03979123 -0.11012588 -0.05660088 -0.03159282 -0.02082205
  -0.05596097 -0.03691818 -0.08030693 -0.08356726 -0.14618276 -0.10062763
  -0.0738114  -0.11886403 -0.15474878 -0.13261444 -0.16941329 -0.22432837
  -0.24282591 -0.16532759 -0.03389919 -0.02226653 -0.12616551 -0.15356107
  -0.21027694 -0.36719256 -0.24413504 -0.12325467  0.12837201  0.03743278
  -0.12354493 -0.1559684  -0.20135847 -0.41837894 -0.18448205 -0.16514466
   0.21276944  0.06551096 -0.16716636 -0.09675421 -0.15963173 -0.44629476
  -0.14692295 -0.08039889  0.22391536  0.10935312 -0.14213464 -0.12429235
  -0.18421048 -0.41290344 -0.17052094 -0.04479325  0.18975644  0.14167397
  -0.11207097 -0.18914933 -0.23389357 -0.39549453 -0.18998907 -0.05238093
   0.16552191  0.1701051  -0.06743601 -0.20354984 -0.24318295 -0.26293039
  -0.14532623 -0.07410824  0.13968276  0.0760044  -0.09439282 -0.1414168
  -0.17842851 -0.11564471 -0.10045681 -0.04680703  0.21253982  0.1661034
   0.00087402 -0.00697699 -0.07080982 -0.02590475 -0.0026375   0.0050113
   0.16698526  0.13553522 -0.02746652  0.05986189 -0.00653666  0.00849925
   0.01104052  0.03042281  0.10612361  0.21440907  0.07281006  0.08691392
  -0.00832727 -0.01112511 -0.0050608   0.01314963  0.00457841  0.19080581
   0.07177207  0.12390649  0.04290924]]


[[ 0.74881521 -0.52574192 -0.52574192 -0.52574192 -0.52574192]
 [ 0.50762908 -0.48794298 -0.48794298 -0.48794298 -0.48794298]
 [ 0.19022245  0.14744959  0.14744959  0.14744959  0.14744959]
 [-1.34392164  0.97837394  0.97837394  0.97837394  0.97837394]
 [-1.20229299  1.12777368  1.12777368  1.12777368  1.12777368]
 [ 0.13589293 -0.51664515 -0.51664515 -0.51664515 -0.51664515]
 [ 0.91723207 -0.63887407 -0.63887407 -0.63887407 -0.63887407]
 [ 0.33326277 -0.20426933 -0.20426933 -0.20426933 -0.20426933]
 [-0.25881485  0.57466013  0.57466013  0.57466013  0.57466013]
 [-0.02802502 -0.4547839  -0.4547839  -0.4547839  -0.4547839 ]]


