(5, 128)
[[ 0.          0.          0.          0.          0.          0.          0.
   0.          0.          0.          0.          0.          0.          0.
   0.          0.          0.          0.          0.          0.          0.
   0.          0.          0.          0.          0.          0.          0.
   0.          0.          0.          0.          0.          0.          0.
   0.          0.          0.          0.          0.          0.          0.
   0.          0.          0.          0.          0.          0.          0.
   0.          0.          0.          0.          0.          0.          0.
   0.          0.          0.          0.          0.          0.          0.
   0.          0.          0.          0.          0.          0.          0.
   0.          0.          0.          0.          0.          0.          0.
   0.          0.          0.          0.          0.          0.          0.
   0.          0.          0.          0.          0.          0.          0.
   0.          0.          0.          0.          0.          0.          0.
   0.          0.          0.          0.          0.          0.          0.
   0.          0.          0.          0.          0.          0.          0.
   0.          0.          0.          0.          0.          0.          0.
   0.          0.          0.          0.          0.          0.          0.
   0.          0.        ]
 [ 0.01105601 -0.02885161 -0.06353265  0.02937297 -0.07081071 -0.06274998
  -0.04821591 -0.07115547  0.04952746 -0.02707906 -0.04960096 -0.04344301
  -0.08158959  0.04339651 -0.06820539 -0.06973561  0.09572736  0.07384844
  -0.08033004 -0.03277095  0.0917744   0.01398952  0.08768971 -0.09943295
   0.09317869 -0.07441755 -0.05312261 -0.09923253  0.04262932  0.05067309
   0.03589191 -0.01314561  0.08228239  0.09936696 -0.09752108 -0.08129246
  -0.04178235  0.02811652 -0.07042532  0.00411242  0.00480187  0.03933335
  -0.0617985  -0.0937155  -0.03631552  0.02821894  0.03349845  0.05260395
  -0.08351436  0.05287049 -0.09595481 -0.05012547 -0.00749708 -0.05092889
  -0.04546986 -0.0328234   0.00887377  0.06530021 -0.07845448 -0.08927509
   0.02897628 -0.05665305  0.01530565  0.08085002  0.06224399 -0.08396775
  -0.01136577  0.02732116 -0.0523495   0.03020402 -0.05079956 -0.01676817
  -0.07654164  0.04054867 -0.00858688  0.06019736 -0.06147537  0.06024803
  -0.07265346  0.04776612 -0.00835315  0.0834057   0.02647731  0.06215933
   0.02098088 -0.04661161  0.05859324 -0.08395168 -0.03533648  0.04713604
  -0.00920598  0.0023107   0.09248904 -0.08547409  0.03590323  0.01723051
  -0.01729219  0.07744731 -0.09796196 -0.03753918 -0.08378192 -0.06929655
  -0.02477711  0.02677239 -0.07277818 -0.04353161  0.01249363 -0.03097189
  -0.01453126  0.01810467 -0.099309   -0.01684838 -0.09491827 -0.01573901
  -0.06143285  0.04604136 -0.02671116 -0.07494965  0.04259764 -0.07951214
  -0.00235914  0.0449564  -0.05952165 -0.08949486  0.07312824  0.06513706
   0.09228715 -0.0517943 ]
 [ 0.01914388 -0.03294774  0.01664058  0.03572805  0.02028105  0.03081475
  -0.01476936 -0.04502505  0.00479117  0.07829352 -0.07105954 -0.08981735
   0.07639554 -0.05458177 -0.02657827  0.09390206 -0.03620872  0.02740208
   0.06995065 -0.08424725 -0.0114548  -0.01110676  0.07016665  0.02660816
   0.05345881  0.01734433 -0.00661508  0.00656218 -0.01035871  0.08942952
   0.05388011 -0.0748045  -0.04105609 -0.05707914 -0.08945253  0.00098546
   0.05279522 -0.02882503 -0.05122357 -0.04416047 -0.02878676 -0.07015802
  -0.02823958 -0.02540792 -0.06944505 -0.08566544 -0.05107601  0.01711535
  -0.06054285 -0.01092873 -0.0620905   0.09190101  0.04212358  0.06482737
   0.05054568  0.01434836  0.01628142 -0.06024847 -0.07387815  0.00357779
  -0.08196727 -0.08301425 -0.05202903 -0.025685   -0.06283143  0.01770623
   0.02757996  0.05748752  0.04682842  0.01376553  0.00287665 -0.04232182
   0.011259    0.04774978 -0.01963076 -0.02483641  0.08547074  0.01414287
  -0.05496914  0.07437128 -0.03082784  0.08735394 -0.00395978  0.06546822
  -0.04619487 -0.07642666 -0.00057626  0.07420254 -0.09766529 -0.06658003
  -0.06723996  0.0980216   0.08565569 -0.02173831  0.0139174  -0.09895905
   0.0521344  -0.04484397 -0.0002851  -0.02171277 -0.09524377  0.06492
   0.09008917 -0.05881424 -0.01277177  0.06877501  0.05991172  0.06892401
  -0.07437169 -0.04069771 -0.08634919 -0.03440274  0.02123291 -0.07797073
  -0.01592457 -0.01051756  0.09037961  0.09062597  0.00051387 -0.07321684
   0.02428913  0.03649728  0.01815253  0.03196442 -0.00009125  0.08495376
  -0.0958355  -0.05749899]
 [-0.04367672  0.01897275 -0.05091088 -0.05645233 -0.05329915 -0.04728653
  -0.0634617   0.0304671  -0.02602208 -0.04123921  0.09801007  0.04896812
   0.01577621 -0.09874387 -0.00235571  0.0133121   0.09263788  0.06450549
  -0.08328471 -0.06173227 -0.08099781 -0.0967979  -0.03872301  0.05645706
   0.01495283  0.00452868 -0.07603908  0.02017801 -0.03579734 -0.05592271
  -0.03423131  0.06509513 -0.00102568  0.06228447 -0.08352244  0.02669014
  -0.0255438   0.08365954 -0.0776194  -0.08094928 -0.00951914  0.08337529
   0.09165226 -0.03269088  0.06207388 -0.01366114  0.00278114  0.0513164
  -0.09701526  0.03180865 -0.07213757  0.04100734  0.07437142  0.05442621
  -0.00492234  0.02441185 -0.069564   -0.04778671 -0.04518408  0.08183612
   0.00734539 -0.00638882  0.07711278 -0.03653224 -0.04905697 -0.07897227
   0.00113315  0.02249425 -0.08907397  0.04705305 -0.02418781 -0.05747669
  -0.00373444  0.06960784 -0.00191846  0.0878126   0.04905423 -0.00232809
  -0.07182884 -0.08263482 -0.03532461  0.0086415   0.01935288 -0.05582733
   0.09470238 -0.05780304  0.04820136  0.02191227 -0.09171114  0.00672627
   0.09870322  0.05604321  0.04849667  0.09851268  0.00258694 -0.02170836
   0.02741274  0.06863512 -0.06962263  0.01784338  0.03911041  0.01570281
   0.05855376 -0.02455772  0.01514304  0.03847677  0.07591244 -0.06522054
  -0.09905426 -0.08538846 -0.06402267 -0.07518545  0.034162    0.02177119
   0.04138667  0.02721802  0.04736889 -0.06295916 -0.0074272  -0.0652316
   0.07484994 -0.00795126  0.09986336 -0.0926036   0.01642911  0.08006783
  -0.00176477 -0.08008913]
 [ 0.04617359 -0.00364756 -0.09861078  0.03258285  0.06731696  0.03896291
   0.06256891  0.09431695  0.08216553 -0.00600838  0.06505582  0.06286537
   0.02844305  0.03113216 -0.09835686 -0.0239413  -0.09242861 -0.08224114
  -0.02746762 -0.06256264 -0.02179938 -0.05001495 -0.03347994 -0.09842564
   0.0231098   0.07908113 -0.0663661   0.05857735  0.09524901  0.0568571
   0.02705472 -0.043146   -0.04406546  0.031476   -0.0702726  -0.07714883
   0.00664882 -0.07608834  0.08335828  0.0102261   0.02559229  0.08682318
   0.0838296  -0.05149598  0.07679641 -0.04935136  0.08501897  0.0777898
   0.02538113  0.01756202  0.06276703  0.04710714  0.0937276   0.01872281
   0.0976703   0.043038    0.06684138 -0.02029847 -0.06521423 -0.08790454
   0.07791754  0.01418367 -0.02881745  0.03824113  0.07175389 -0.09272059
  -0.08007842 -0.05905305  0.0509701   0.05126908  0.06298258  0.087213
   0.07221437 -0.02384253 -0.0616431   0.0205386   0.0280134  -0.07293897
  -0.02465215 -0.04957617 -0.03799615  0.01120525  0.06183484 -0.06663425
   0.03451652 -0.09005594 -0.04531116 -0.02991003 -0.02557314  0.09302815
  -0.08792253  0.04577151  0.07527548  0.03412792 -0.06035851  0.09380546
  -0.05560595  0.08961846 -0.07593198  0.05250239  0.00529709  0.04901861
  -0.03275146 -0.07752051  0.04026726 -0.00066247  0.06921546  0.06405087
  -0.02934628  0.0484077  -0.06524991  0.07923582 -0.00785379 -0.08195507
  -0.04366176  0.08011654 -0.05224753 -0.0904637  -0.07679104  0.04638265
  -0.00964566 -0.09760399 -0.01814901  0.02199866  0.03988366  0.02812553
  -0.02230738 -0.04011651]]
(10, 5)
[[ 0.          0.01320007 -0.02191189  0.00266001  0.01961765]
 [ 0.         -0.03303395  0.0289305   0.07879569 -0.04008622]
 [ 0.         -0.01540491 -0.0088942  -0.09031189  0.08938242]
 [ 0.          0.01858646  0.07779136  0.04991598 -0.08194398]
 [ 0.          0.09694648 -0.04938096 -0.08614968 -0.03115916]
 [ 0.         -0.06746484 -0.03712683 -0.05585883  0.01012254]
 [ 0.         -0.00439102 -0.00530134  0.05177988 -0.07078961]
 [ 0.         -0.02834415  0.01462612 -0.0581706   0.04674598]
 [ 0.         -0.07637055 -0.03895092  0.01279309  0.08939649]
 [ 0.          0.02699857 -0.03099852  0.03645634 -0.0921326 ]]
