========VectorA========
[[2]
 [7]
 [8]
 [2]]


========VectorZ========
[[ 0.88079708]
 [ 0.99908895]
 [ 0.99966465]
 [ 0.88079708]]


========vectorB========
[[ 2.76044275]
 [ 3.64296693]
 [ 4.52261261]]


========yHat========
[[ 0.10820103]
 [ 0.26152113]
 [ 0.63027784]]


========Loss========
1.3412402107571517


========GradBeta========
[[ 0.10820103  0.09530315  0.10810245  0.10816474  0.09530315]
 [-0.73847887 -0.65045003 -0.73780608 -0.73823122 -0.65045003]
 [ 0.63027784  0.55514688  0.62970363  0.63006648  0.55514688]]


========GradZ========
[[-0.        ]
 [ 1.26055569]
 [ 1.58515878]
 [-1.58515878]
 [-0.73847887]]


========GradA========
[[ 0.13235026]
 [ 0.00144285]
 [-0.0005314 ]
 [-0.07753554]]


========GradAlpha========
[[ 0.13235026  0.13235026  0.13235026  0.          0.          0.13235026
   0.13235026]
 [ 0.00144285  0.00144285  0.00144285  0.          0.          0.00144285
   0.00144285]
 [-0.0005314  -0.0005314  -0.0005314   0.          0.         -0.0005314
  -0.0005314 ]
 [-0.07753554 -0.07753554 -0.07753554  0.          0.         -0.07753554
  -0.07753554]]


========Updated Alpha========
[[ 0.86764974  0.86764974  1.86764974 -3.          0.          0.86764974
  -3.13235026]
 [ 0.99855715  2.99855715  0.99855715  2.          1.         -0.00144285
   1.99855715]
 [ 1.0005314   2.0005314   2.0005314   2.          2.          2.0005314
   1.0005314 ]
 [ 1.07753554  1.07753554  0.07753554  2.          1.         -1.92246446
   2.07753554]]


========Updated Beta========
[[ 0.89179897  0.90469685  1.89189755 -2.10816474  0.90469685]
 [ 1.73847887  1.65045003 -0.26219392  1.73823122  2.65045003]
 [ 0.36972216  2.44485312  0.37029637 -1.63006648  0.44485312]]


========Updated Class========
[[ 0.00871923]
 [ 0.98722501]
 [ 0.00405576]]


